0110111111111110
0001010010010101

1111111101100001
1101001110110001

1000011110110111
0000001010101001

1111010111101101
0100110111111101

1101101010010110
0001111000101011

0111101110101111
1100110111110011

1111010100000111
1101010111011011

1101111000110011
0101001001101011

0100110111010111
0110101110101010

1111111111111110
1111000011110001

1100111101111011
1011110111111010

1110101010101110
0111001101110001

1001100100001000
1110100001100100

1110111110011111
1100000110000111

1011001111101111
1100010100110010

1110001101101100
0001111111001100

0010000000001101
0110101011000000

1101000011010011
1110010100110110

1001010011111011
1110110111011010

1010101110101101
1000000110001111

0101010011000000
1100000110000011

1110010100011000
0111011001110011

1110111011111100
0111110001110000

1101011000101101
0001000101011000

0010011101111111
1010110100001011

1101111111001110
0100100011001110

0001111010011111
1001000100101101

1010101010111010
0001111111010000

0111111101011100
1001110001000100

1111111110110010
1100110101011111

0110001111011111
1000011000110000

1000101000100101
0001101111101001

1100011011111010
0001111001010010

1111111101101110
1001101111110110

1101111110110011
1001000011000111

0000110110001011
0000011100000001

0110110011101011
0000101001101001

1111110110110100
1100011111110100

1011010111010010
1100011001000001

1111111111111111
1000001100101000

1001011111100111
0011101001000011

0101010101110111
0010000001000111

0010000100010110
0110001010010001

0110010010000000
0100110010110010

0111101000100111
1001100011101010

0011111111101011
1010110111100110

0000011010001101
0001110100011100

0001011001011110
0000000100111101

1001011111110001
0101111011010101

1010110000011111
1111100011011100

1101110111011111
0010100110111110

0111111011111011
0000111111010011

1001101111111101
0101100111100001

1110011111100111
1110101110010111

1011110111110111
0100110001100100

1110110111111111
0010010000101010

1010101001010101
1011010001111101

0011011011111101
0010010111000000

1011110000101101
0100110010011010

1100011011001111
0010001011110011

1110111110111101
0001010010000001

1000111001001010
0001101111110001

1011011010011001
0100010010101010

1111111011110001
1111010100100100

1011111101101100
1000001111110001

1111011010001110
0100110000100001

1010111101011111
1000001010111101

0101101111011110
0100100010011010

0100111110111111
0110110110111000

1110111001111001
1100100110101111

1110111110100011
1001100100101101

1001011110011111
1100001011100111

1111101110011101
0111010011001010

1111111011110111
0000011101111011

1010101001100100
1110001010100001

0100010111111111
1111101011010010

1111011011011111
0010000010101101

1100000000111001
0100011011000101

0101101101101000
0011000110100011

1100111111100101
1011011111101000

1000111100011110
0110110001110111

0110000111011110
0100101100111000

1101001111111011
1110111111101100

1111111111001000
1111111111111111

1111111000101011
0100010111111000

1111011110111111
1100110001101111

1000000111111101
1110111011100010

1111110010111110
0010011010011110

1101110111110011
1101011010001011

1111101111111000
1010111100111000

1011011001110001
1111101010101100

0101011111101111
1100100111001110

1101111111011111
1101100001100101

1110111111011101
1010011000010011

0111101100010000
0010010111111101

1101111110010111
0110000101001000

1111100010001111
1000001100010100

1111010001111110
0000010011100111

1010111111111110
1110110010110011

1100111010010111
0100011111100000

0101111100101101
1110110111000000

0110111111110010
0101111101100110

0110101011100011
0101000100000100

1110110100010100
0010110111100011

1110110111111010
0010100010100100

0000010011001000
0110010110001001

0111000101101110
1100001101001011

0000011011010101
0011000000010000

0111011101101111
0001010001110001

0000001010001110
1101100010010100

1110001010010111
0100011111111011

1011011111111011
1111100111000100

1100000010101111
0100010001011011

0000110000001000
1101100111001100

1111001011011100
1010010100101001

0001111010000111
1110110100001010

1111010101011011
0111100101000000

0010100110110101
0100110100000101

1111010111001101
0010001111000111

0011001000111000
0100110111000110

0000010010100010
0110101100001110

0001111111000010
1100011100011110

0110110011110111
1101100100101110

0010001000010011
0110001010100111

0111001010111000
1011001000101101

0111101110110111
0001000110110100

1110011110010001
1000011110110110

0000000000000000
1000111110001101

1110110111110110
0010000011000101

1101111011110011
0001110111101110

1001111100111111
1011101000011000

0001111100011101
0100101010011010

0011101001111010
1000111001011011

0111101110111010
1100001010001010

1100100111010100
0100010010001100

0010111110110110
1101101101000101

0000001110111011
1111111000011001

1000010100001000
1110101011101001

0011000011001001
1001001100101110

0011000101011001
1100010001010010

0111111100011110
0010110001111010

1111111100101110
1110001011101101

0010111000010011
1011000011010010

0110001000101100
1000001101100001

0000011111011100
1111111001101111

0111101000111100
0011101101110101

1111011010010101
1111111000100010

0100101101000010
1110001010000101

0010000010110001
1100110010000001

0001011010111011
1000100100100011

1011101010011100
1010100110101000

1000100011001101
1010111111001000

0111110111111100
0010101000011010

0011000001001000
0010011000000101

0110111100111000
1100011011111001

0000100100000001
1010001001111111

1001001110001011
0110011011001000

0000000101001000
0001111011111110

0111010101111110
0101001010010110

1101110100110100
1011110101010010

1111111110110111
0000110011110011

1111101011101110
1000100110011100

0110100111111111
0101000010110110

1011111100101111
0100010000111101

0011100110011010
0100111111011111

0011011111101111
1000101101001111

1001111111010111
1000000010110010

1110011001000101
1010000011111000

1000001010110110
0000011001100110

0100010010100000
0100110011110001

1111101011011111
1010010010111100

0111111001111111
0010010101010011

0000011001001001
1101100001101010

0000010100100000
0100010010110110

0111011010001001
0101011101111110

1100111000000110
0110000101111011

0000000000000000
1011000010011101

1001110100011000
0101000011110001

0001011111011111
0111111001101101

1000001111111110
0101011110101100

0000111110100000
0000101110101001

0000010101000000
1000111001110001

0110011101111101
0000101000010000

0010110101111100
0001100010011011

0000000110000000
0000110011110110

0100010011100100
1000101010011011

0011001101101010
1110000000110000

0110101001001101
1101111101000011

0100101111111100
0001010110101110

0000001110111110
0001010100101111

1011111011001101
0010010010100101

0101010001010100
1101100101100001

0001010010001110
0100100100110101

0110110001100100
1000010101110010

1011111111101110
0000100101110010

1101000001111100
0001101101001100

1100100101100001
0111000110100111

0011110100011011
0111100001000000

1011111110010111
1111100110111111

0000111111101001
1001111101001110

0111011011011100
1010100001101010

1100010000001010
1111111110010011

0010001010110001
1111101101000010

1101011110110001
0101100000111110

1010001110010111
1110100111101001

0111011110101101
1101000001001110

0100001010101001
1101000011110010

0101101000101010
1111000011011001

1011011111100010
0010011110110111

0101110010101111
0000010111000100

1111111111101111
0000100000101100

0010010010010000
0110011000010101

1000000011001001
0000111100001011

0100111000100010
1110000011100101

1111101000110100
0011101000100100

0101111101001111
1000110001000110

1010111100101011
0101111110011101

1100011100000101
1100010100101101

0001001110010001
0101111100011001

0000111110111101
0111111100100101

0001101110111000
1000001110111000

0111100011000111
0011111011011101

0000111000111110
1111011000101010

1111110011101111
1001001011010010

1011001101101001
0010100001010000

1101110010001101
0001100010110111

1001101100110001
0100000000101111

1111101110001111
1110001000001100

0001110010011011
1111011001011000

1000011010100111
1001001001111101

0011011110101101
0000111000011111

1011111101111111
1011110000111100

0011110010000101
1101111011010001

1111110101111111
0011001001001101

0101110111100111
0011000110001011

1101011101001111
1010111110000010

1110001011011101
0010110110010001

0001110110111110
0101011000100010

1011111001011111
1001100110110011

1100110110111001
1101000101001101

0101010000011000
0100011001001011

0001111101111001
1001100000011000

1111000011111100
0000111010011010

0010011011110111
0001111011101110

0110111011010000
0010110001001111

0111111100001111
0101000100010001

0101111100111100
1100101110101101

1101110110000010
1100000001001101

0111100111010110
0101101110110010

0010001101100010
1110100011010000

0100101101100100
1111000110101110

0110101011111110
0110100111100110

1001111000011101
0000110101110011

1110111101001110
1000000101100100

1110100101000011
1010111011010100

0011010000101000
1011000000100110

1101001011000100
0111001010000001

0110111100010110
1101101011010000

1101100001100001
1011100001101110

0111101001000010
1010011101001110

0011011100111110
1011101110111010

0111001111011110
0101001101111000

0011010110101111
0100100110010010

0110001111100100
0100111100011010

0111111000001111
1010111001100000

1111100111111100
1101101000010011

0111110011011100
1000111010010001

0011101011111010
1010100011001011

0111111110000110
0000010010001110

0110111010100111
0110001010110011

1111111110111111
1111010110100110

1110010010000101
1101101110001100

1000001100000110
0011110101100011

0010110101010010
0111000010001011

0101000101010101
1101011100111100

1100101101010110
1110111000100000

1001100111011011
0001011001111101

0110011101110101
0011101101011001

1010111111000111
1001010100000111

0111110110110111
1000100001001111

1100111011011101
0000011100011110

0000011001000110
0000100011000100

0011011100100111
0000010010000101

0010100110001111
0101101010000000

1001111001101000
0111000101111111

0010010000001000
0001010000000101

0010100111000101
0110110000110110

1010110000100111
1111101110010000

1001000110100101
1001100111000100

1001011101111010
1000100001100101

1111010111110110
0011011010111001

0000011010111010
0100101111101101

0100000000111000
0110001000100100

0100001010011011
0100111010000010

1000001010111011
0111100101010010

1101001110000001
0001000100101000

0011011110010011
1111000101000001

1111111111110011
0101010010110101

1011001011111101
1101010100111001

1100000111111101
0110110011100011

1011101100000101
0101110011011001

0000001000000000
1111011101011111

0000000111111100
1101000011101001

1010101111011111
0000101100111100

1011110101101100
1111000100100011

